# Battle ids from 2026-08-05 to 2026-09-06.
# Full JSON is shipped only for fenrir/, top5/, and our_recent/.
870230526
870230527
870230610
870230611
870231292
870231293
870520264
870520265
870520268
870520269
871086073
871086074
871087911
871087912
871090416
871090417
871096458
871096459
871113886
871113887
871155431
871155432
871350982
871351634
871352255
871352256
871352362
871352363
871353280
871353281
871354049
871354050
871354596
871354597
871397869
871397870
871444528
871444529
871564095
871564096
871564475
871564476
872311567
872311568
872311640
872311641
872312223
872312224
872312325
872312326
872312488
872312489
872334061
872334062
872336229
872336230
872336740
872336741
873743224
873743225
873752462
873752463
873755911
873758382
873758383
873758890
873758891
874968586
874968587
874970178
874970179
875037911
875037912
875040940
875040941
875045102
875045103
875047709
875047710
875432113
875432114
875432127
875432128
875432220
875432221
875435580
875435581
875435660
875435661
875435722
875435723
875435780
875435781
875435842
875435843
875435934
875435935
875435999
875436000
875436063
875436064
875436140
875436141
875436209
875436210
875436284
875436285
875436316
875436317
875436348
875436349
875436399
875436400
875436448
875436449
875436475
875436476
875436500
875436501
875436528
875436529
875436547
875436548
875436599
875436600
875436610
875436611
875436634
875436635
875436700
875436701
875436714
875436715
875436741
875436742
875436768
875436769
875436842
875436843
875436855
875436856
875436896
875436897
875437019
875437020
875437067
875437068
875437173
875437174
875437212
875437213
875437245
875437246
875437257
875437258
875437302
875437303
875437370
875437371
875437420
875437421
875437554
875437555
875437652
875437653
875437709
875437710
875437881
875437882
875437997
875437998
875438056
875438057
875438126
875438127
875438193
875438194
875438253
875438254
875438362
875438363
875438457
875438458
875680949
875680951
875680953
875680954
875680955
875680956
875680957
875680958
875680969
875680971
875681199
875681200
875681420
875681421
875681611
875681612
875681875
875681876
875681985
875681986
875682099
875682100
875682226
875682227
875682345
875682346
875682455
875682456
875682564
875682565
875682808
875682809
875682931
875682932
875683109
875683110
875683334
875683335
875683658
875683659
875683935
875683936
875684103
875684104
875684322
875684323
875684585
875684586
875684775
875684776
875684985
875684986
875685152
875685153
875685322
875685323
875685460
875685461
875685552
875685553
875685704
875685705
875685851
875685852
875686134
875686135
875686441
875686442
875686623
875686624
875686832
875686833
875687024
875687025
875687216
875687217
875687504
875687505
875687650
875687652
875687877
875687878
875688089
875688090
875688238
875688239
875688481
875688482
875688690
875688691
875688979
875688980
875689196
875689197
875689455
875689456
875689688
875689689
875689814
875689815
875690026
875690027
875690206
875690207
875690434
875690435
875690825
875690826
875691069
875691070
875691394
875691396
875691586
875691587
875691733
875691734
875691953
875691954
875692118
875692119
875692343
875692344
875692615
875692616
875692739
875692740
875692908
875692909
875693035
875693036
875693241
875693242
875693500
875693501
875693745
875693746
875694020
875694021
875694195
875694196
875694468
875694469
875694725
875694726
875695028
875695029
875695316
875695317
875695482
875695483
875695639
875695640
875695736
875695737
875696003
875696004
875696156
875696157
875696446
875696447
875696770
875696771
875696960
875696961
875697408
875697409
875697893
875697894
875698304
875698305
875698733
875698734
875699244
875699245
875699410
875699411
875699663
875699664
875700017
875700018
875700331
875700332
875700661
875700662
875700936
875700937
875701516
875701517
875701999
875702001
875702376
875702377
875702726
875702727
875703032
875703033
875703371
875703372
875703748
875703749
875704141
875704143
875704620
875704621
875705165
875705166
875705264
875705265
875705781
875705782
877857840
877857841
879645688
879645689
881435811
881435812
882151684
882151685
882325213
882325214
882446353
882446354
882547061
882547062
882547079
882547080
882547151
882547152
882547450
882547451
882548185
882548186
882560364
882560365
882689431
882689432
882905178
882905179
882945871
882945872
882978255
882978256
882978273
882978274
882978632
882978633
882979481
882979482
882980459
882980460
883441998
883441999
883450882
883450883
883524580
883524581
883531306
883531308
883532952
883532953
883533315
883533316
883910548
883910549
883928880
883928881
883985284
883985285
884148655
884148656
884172389
884172390
884173366
884173367
884173622
884173623
884174103
884174104
884176320
884176321
884277685
884277686
884434535
884434536
884435062
884435063
884483121
884483122
884483388
884483389
884483421
884483422
884483680
884483681
884484137
884484138
884484809
884484810
884484966
884484967
884485146
884485147
884485148
884485149
884485150
884485151
884485152
884485153
884485154
884485155
884485156
884485157
884485158
884485159
884485160
884485161
884485162
884485163
884485164
884485165
884485178
884485179
884485184
884485185
884485193
884485194
884485217
884485218
884485243
884485244
884485249
884485250
884485262
884485263
884485286
884485287
884485297
884485298
884485328
884485329
884485345
884485346
884485378
884485379
884485394
884485395
884485423
884485424
884485448
884485449
884485465
884485466
884485486
884485487
884485500
884485501
884485518
884485519
884485549
884485550
884485573
884485574
884485581
884485582
884485617
884485618
884485691
884485692
884485707
884485708
884485750
884485751
884485771
884485772
884485807
884485808
884485844
884485845
884485865
884485866
884485878
884485879
884485907
884485908
884485927
884485928
884485956
884485957
884485981
884485982
884486008
884486009
884486038
884486039
884486070
884486071
884486098
884486099
884486124
884486125
884486148
884486149
884486202
884486203
884486220
884486221
884486244
884486245
884486280
884486281
884486306
884486307
884486366
884486367
884486382
884486383
884486389
884486390
884486403
884486404
884486414
884486415
884486421
884486422
884486432
884486433
884486437
884486438
884486443
884486444
884486449
884486450
884486455
884486456
884486459
884486460
884486472
884486473
884486478
884486479
884486487
884486488
884486523
884486524
884486540
884486541
884486557
884486558
884486573
884486574
884486588
884486589
884486606
884486607
884486644
884486645
884486659
884486660
884486670
884486671
884486677
884486678
884486687
884486688
884486700
884486701
884486712
884486713
884486727
884486728
884486743
884486744
884486778
884486779
884486784
884486785
884486842
884486843
884486878
884486879
884486920
884486921
884486938
884486939
884486993
884486994
884487036
884487037
884487083
884487084
884487110
884487111
884487127
884487128
884487168
884487169
884487188
884487189
884487214
884487215
884487239
884487240
884487259
884487260
884487277
884487278
884487299
884487300
884487312
884487313
884487344
884487345
884487377
884487378
884487397
884487398
884487480
884487481
884487492
884487493
884523407
884523408
884524912
884524913
884528842
884528844
884529531
884529532
884533726
884533727
884541020
884541021
884541798
884541799
884594530
884594531
884607729
884607730
884608360
884608361
884611068
884611069
884611239
884611240
884777741
884777742
884778325
884778326
885150205
885150206
885150235
885150236
885151982
885151983
885151984
885151985
885151986
885151987
885151988
885151989
885151990
885151991
885151992
885151993
885151994
885151995
885151996
885151997
885151998
885151999
885152000
885152001
885152039
885152040
885152146
885152147
885152167
885152168
885152197
885152198
885152323
885152324
885152380
885152381
885152424
885152425
885152563
885152564
885152602
885152603
885152660
885152661
885152697
885152698
885152811
885152812
885153010
885153011
885153062
885153063
885153148
885153149
885153202
885153203
885153293
885153294
885153411
885153412
885153485
885153486
885153601
885153602
885153704
885153705
885153773
885153774
885153902
885153903
885154007
885154008
885154080
885154081
885154133
885154134
885154194
885154195
885154303
885154304
885154400
885154401
885154526
885154527
885154665
885154666
885154749
885154750
885154882
885154883
885154956
885154957
885155023
885155024
885155108
885155109
885155224
885155225
885155294
885155295
885155363
885155364
885155442
885155443
885155507
885155508
885155648
885155649
885155782
885155783
885155891
885155892
885155955
885155956
885156072
885156073
885156166
885156167
885156257
885156258
885156395
885156396
885156471
885156472
885156552
885156553
885156637
885156638
885156818
885156819
885156912
885156913
885156945
885156946
885157004
885157005
885157046
885157047
885157147
885157148
885157245
885157246
885157272
885157273
885157365
885157366
885157458
885157459
885157536
885157537
885157591
885157592
885157627
885157628
885157655
885157656
885157697
885157698
885157751
885157752
885157829
885157830
885157869
885157870
885157939
885157940
885157979
885157980
885158057
885158058
885158112
885158113
885158136
885158137
885158182
885158183
885158249
885158250
885158318
885158319
885158454
885158456
885158510
885158511
885158536
885158537
885158584
885158585
885158631
885158632
885158672
885158673
885158700
885158701
885158737
885158738
885158789
885158790
885158867
885158868
885159038
885159039
885159134
885159135
885159183
885159184
885159300
885159301
885159447
885159448
885159683
885159684
885159838
885159839
885160025
885160026
885160145
885160146
885160249
885160250
885160464
885160465
885160530
885160531
885283655
885283656
885285945
885285946
885286050
885286051
885286239
885286240
885286679
885286680
885286710
885286711
885500672
885500673
885511558
885511559
885512911
885512912
885513263
885513264
885641592
885641593
885659118
885659119
885660911
885660912
885661041
885661042
885661216
885661217
885667032
885667033
885670156
885670157
885787883
885787884
885788268
885788269
885788365
885788366
885789222
885789223
885789284
885789285
885789419
885789420
885789669
885789670
885789789
885789790
885789916
885789917
885790477
885790478
885790657
885790658
885790777
885790779
885791573
885791574
885791698
885791699
885792126
885792760
885792761
885794303
885794304
885795484
885795485
885795505
885795506
885795557
885795558
885795862
885795863
885795884
885795885
885795934
885795935
885796166
885796167
885796485
885796486
885796676
885796677
885796769
885796770
885796886
885796887
885797001
885797002
885797072
885797073
885797243
885797244
885797659
885797660
885808336
885808337
885808951
885808952
885810086
885810087
885810469
885810470
885810732
885810733
885811055
885811056
885811213
885811214
885812395
885812396
885813012
885813013
885813983
885813984
885814417
885814418
885823301
885823302
885824045
885824046
885824437
885824438
885824644
885824645
885825265
885825266
885825412
885825413
885825476
885825477
885826023
885826024
885826292
885826293
885826533
885826534
885826637
885826638
885827027
885827028
885827559
885827560
885827872
885827873
885827894
885827895
885827985
885827986
885828944
885828945
885829197
885829198
885829305
885829307
885899719
885899720
885900576
885900577
885900616
885900617
885900691
885900692
885900719
885900720
885900898
885900899
885900941
885900942
885901011
885901012
885901084
885901085
885901099
885901100
885901136
885901137
885901682
885901683
885901771
885901772
885901882
885901883
885901940
885901941
885901975
885901976
885902046
885902047
885903037
885903039
885903680
885903681
885903944
885903945
885904619
885904620
885904980
885904981
885905631
885905632
885906012
885906013
885906171
885906172
885906481
885906482
885906562
885906563
885906738
885906739
885907509
885907510
885907667
885907668
885907708
885907709
885907800
885907801
885908070
885908071
885908289
885908290
885908522
885908523
885908616
885908617
885908947
885908948
885909027
885909028
885909190
885909191
885909343
885909344
885909564
885909565
885910358
885910359
885910512
885910513
885910564
885910565
885910613
885910614
885910698
885910699
885910887
885910888
885911154
885911155
885911432
885911433
885911820
885911821
885911864
885911865
885911866
885911867
885911995
885911996
885912413
885912414
885912640
885912641
885912758
885912759
885912829
885912830
885913044
885913045
885914202
885914203
885914228
885914229
885914376
885914377
885914436
885914437
885914504
885914505
885916632
885916633
885917883
885917884
885918863
885918864
885918974
885918975
885919048
885919049
885919262
885919263
885919718
885919719
885919910
885919911
885920047
885920048
885920543
885920544
885920550
885920551
885921113
885921114
885921448
885921449
885921530
885921531
885921701
885921702
885921831
885921832
885921878
885921879
885922008
885922009
885922379
885922380
885922584
885922585
885922616
885922617
885922662
885922663
885922827
885922828
885922956
885922957
885922959
885922960
885923173
885923174
885923234
885923235
885923406
885923407
885923742
885923743
885924003
885924004
885924159
885924160
885924282
885924283
885924329
885924330
885924383
885924384
885924407
885924408
885924655
885924656
885925188
885925189
885925379
885925380
885925382
885925383
885925434
885925435
885925504
885925505
885925573
885925574
885925680
885925681
885926220
885926221
885926234
885926235
885926307
885926308
885926418
885926419
885926652
885926653
885926720
885926721
885926869
885926870
885926879
885926880
885927176
885927177
885927205
885927206
885927335
885927336
885927499
885927500
885927775
885927776
885927878
885927879
885927993
885927994
885928035
885928036
885928141
885928142
885928274
885928275
885928301
885928302
885928491
885928492
885928513
885928514
885928538
885928539
885928586
885928587
885928724
885928725
885928942
885928943
885929075
885929076
885929493
885929494
885929507
885929508
885929545
885929546
885929588
885929589
885929612
885929613
885929938
885929939
885930257
885930258
885930334
885930335
885930382
885930383
885930560
885930561
885930622
885930623
885931066
885931067
885931148
885931149
885931884
885931885
885932520
885932521
885933495
885933496
885933627
885933628
885933745
885933746
885957851
885957852
885957963
885957964
885958734
885958735
885959845
885959846
885960142
885960143
885960566
885960567
885960670
885960671
885961061
885961062
885961862
885961863
885962147
885962148
885962330
885962331
885962439
885962440
885962533
885962534
885962775
885962776
885962821
885962822
885962910
885962911
885963030
885963031
885963162
885963163
885986805
885986806
885986902
885986903
885986955
885986956
885986986
885986987
885987026
885987027
885987384
885987385
885987455
885987456
885987580
885987581
885987608
885987609
885987701
885987702
885987836
885987837
885988011
885988012
885988099
885988100
885988135
885988136
885988275
885988276
885988352
885988353
885988449
885988450
885988477
885988478
885988561
885988562
885988689
885988690
885988721
885988722
885988770
885988771
885988865
885988866
885988900
885988901
885988983
885988984
885989036
885989037
885989171
885989172
885989493
885989494
885989625
885989626
885989669
885989670
885989709
885989710
885989754
885989755
885990311
885990312
885990455
885990456
885990741
885990742
885990776
885990777
885991116
885991117
885991328
885991329
885991494
885991495
885991852
885991853
885992323
885992324
885992454
885992455
885992850
885992851
885993160
885993161
885993254
885993255
886009143
886009144
886056147
886056148
886056436
886056437
886056589
886056590
886056744
886056745
886056786
886056787
886057063
886057064
886057153
886057154
886057261
886057262
886057461
886057462
886058366
886058367
886058666
886058667
886058707
886058708
886059217
886059218
886060053
886060054
886060422
886060423
886060621
886060622
886060819
886060820
886061162
886061163
886061352
886061353
886061642
886061643
886062085
886062086
886062269
886062270
886062325
886062326
886062432
886062433
886062889
886062890
886071463
886071464
886155708
886155709
886158019
886158020
886160012
886160013
886189954
886189955
886244146
886244147
886244647
886244648
886244689
886244690
886244712
886244713
886244761
886244762
886244775
886244776
886244834
886244835
886244867
886244868
886244980
886244981
886244998
886244999
886245022
886245023
886245106
886245107
886245126
886245127
886245159
886245160
886245164
886245165
886245174
886245175
886245182
886245183
886245191
886245192
886245195
886245196
886245249
886245250
886245339
886245340
886245384
886245385
886245619
886245620
886245680
886245681
886245805
886245806
886245861
886245862
886246009
886246010
886246145
886246146
886246212
886246213
886246329
886246330
886246449
886246450
886246705
886246706
886246733
886246734
886246811
886246812
886246840
886246841
886246884
886246885
886247102
886247103
886247202
886247203
886252735
886252736
886252798
886252799
886274219
886274220
886274358
886274359
886274552
886274553
886274562
886274563
886274611
886274612
886274640
886274641
886274708
886274709
886274954
886274955
886275196
886275197
886275273
886275274
886275298
886275299
886275545
886275546
886275699
886275700
886275785
886275786
886275951
886275952
886275993
886275994
886276047
886276048
886276134
886276135
886276301
886276302
886276554
886276555
886276651
886276652
886276971
886276972
886277128
886277129
886277491
886277492
886277670
886277671
886278301
886278302
886278575
886278576
886278904
886278905
886279271
886279272
886280155
886280156
886280548
886280549
886281216
886281217
886281374
886281375
886281723
886281724
886282055
886282056
886356405
886356406
886356528
886356529
886357408
886357409
886357524
886357525
886357580
886357581
886357901
886357902
886357964
886357965
886358023
886358024
886358365
886358366
886358600
886358601
886358690
886358691
886358712
886358713
886358743
886358744
886358959
886358960
886358988
886358989
886359036
886359037
886359069
886359070
886359102
886359103
886359213
886359214
886359247
886359248
886359392
886359393
886359416
886359417
886359526
886359527
886359615
886359616
886359748
886359749
886359921
886359922
886360149
886360150
886360282
886360283
886360491
886360492
886360523
886360524
886360560
886360561
886360588
886360589
886360964
886360965
886361069
886361070
886361175
886361176
886361390
886361391
886361426
886361427
886361492
886361493
886361522
886361523
886361574
886361575
886361653
886361654
886361732
886361733
886361770
886361771
886366005
886366006
886367263
886367264
886367378
886367379
886367590
886367591
886367912
886367913
886368343
886368344
886368407
886368408
886368442
886368443
886368599
886368600
886368902
886368903
886369040
886369041
886369082
886369083
886369211
886369212
886369319
886369320
886369359
886369360
886369676
886369677
886369985
886369986
886370095
886370096
886370284
886370285
886370389
886370390
886370451
886370452
886370564
886370565
886370634
886370635
886370682
886370683
886370703
886370704
886370723
886370724
886370741
886370742
886370764
886370765
886370809
886370810
886370885
886370886
886370904
886370905
886370921
886370922
886370958
886370959
886370991
886370992
886371037
886371038
886371089
886371090
886371120
886371121
886371162
886371163
886371221
886371222
886371239
886371240
886371274
886371275
886371291
886371292
886371323
886371324
886371360
886371361
886371367
886371368
886371398
886371399
886371445
886371446
886371490
886371491
886444290
886444291
886447896
886447897
886448797
886448798
886448846
886448847
886448917
886448918
886448973
886448974
886448994
886448995
886449042
886449043
886449143
886449146
886449217
886449218
886449271
886449272
886449328
886449329
886449376
886449377
886449550
886449551
886449653
886449654
886449731
886449732
886449777
886449778
886449836
886449837
886449881
886449882
886449947
886449948
886450044
886450045
886450103
886450104
886450184
886450185
886450256
886450257
886450296
886450297
886450352
886450353
886450452
886450453
886450541
886450542
886450600
886450601
886450693
886450694
886450754
886450755
886450911
886450912
886451032
886451033
886451243
886451244
886451364
886451365
886451551
886451552
886451659
886451660
886451783
886451784
886452126
886452127
886452281
886452282
886452324
886452325
886452459
886452460
886452610
886452611
886452711
886452712
886452950
886452951
886452976
886452977
886453220
886453221
886453278
886453279
886453393
886453394
886453508
886453509
886453758
886453759
886453841
886453842
886454022
886454023
886454108
886454109
886454228
886454229
886454365
886454366
886454439
886454440
886454526
886454527
886454605
886454606
886454701
886454702
886454747
886454748
886454840
886454841
886454929
886454930
886454974
886454975
886455172
886455173
886455289
886455290
886455390
886455391
886455531
886455532
886455685
886455686
886455753
886455754
886455832
886455833
886455856
886455857
886455920
886455921
886455976
886455977
886456003
886456004
886464953
886464954
886465385
886465386
886465472
886465473
886465559
886465560
886465580
886465581
886465637
886465638
886465708
886465709
886465782
886465783
886465860
886465861
886465974
886465975
886466039
886466040
886466095
886466096
886466124
886466125
886466159
886466160
886466465
886466466
886466504
886466505
886466585
886466586
886466651
886466652
886466737
886466738
886466771
886466772
886466907
886466908
886467001
886467002
886467117
886467118
886467170
886467171
886467222
886467223
886467287
886467288
886467390
886467391
886467486
886467487
886467603
886467604
886467673
886467674
886467765
886467766
886467885
886467886
886467935
886467936
886467937
886467938
886467939
886467940
886467941
886467942
886467943
886467944
886467945
886467946
886467947
886467948
886467949
886467950
886467953
886467954
886468081
886468082
886468116
886468118
886468158
886468159
886468250
886468251
886468269
886468270
886468311
886468312
886468437
886468438
886468503
886468504
886468568
886468569
886468679
886468680
886468750
886468751
886468785
886468786
886468853
886468854
886468895
886468896
886468940
886468941
886468990
886468991
886469052
886469053
886469115
886469116
886469177
886469178
886469225
886469226
886469261
886469262
886469336
886469337
886469374
886469375
886469454
886469455
886469498
886469499
886469597
886469598
886469688
886469689
886469747
886469748
886469818
886469819
886469870
886469871
886469949
886469950
886470004
886470005
886470090
886470091
886470129
886470130
886470187
886470188
886470232
886470233
886470295
886470296
886470336
886470337
886470431
886470432
886470559
886470560
886470597
886470598
886470671
886470672
886470718
886470719
886470762
886470763
886470803
886470804
886470843
886470844
886470884
886470885
886470944
886470945
886470985
886470986
886471023
886471024
886471094
886471095
886471194
886471195
886471247
886471248
886471322
886471323
886471400
886471401
886471513
886471514
886471595
886471596
886471666
886471667
886471747
886471748
886471794
886471795
886471902
886471903
886471997
886471998
886472103
886472104
886472167
886472168
886472249
886472250
886472395
886472397
886472455
886472456
886472515
886472516
886472550
886472551
886472601
886472602
886472678
886472679
886472711
886472712
886472766
886472767
886472885
886472886
886473029
886473030
886473096
886473097
886473142
886473143
886473172
886473173
886473272
886473273
886473415
886473416
886473478
886473479
886473563
886473564
886473678
886473679
886473817
886473818
886473863
886473864
886473896
886473897
886473941
886473942
886474074
886474075
886474138
886474139
886474237
886474238
886474296
886474297
886474409
886474411
886474509
886474510
886474613
886474614
886474761
886474762
886474904
886474905
886474983
886474984
886475060
886475061
886475102
886475103
886475205
886475206
886496069
886496070
886496071
886496072
886496073
886496074
886496075
886496076
886496077
886496078
886496079
886496080
886496081
886496082
886496083
886496084
886496085
886496086
886496087
886496088
886496098
886496099
886496102
886496103
886496109
886496110
886496133
886496134
886496139
886496140
886496143
886496144
886496172
886496173
886496186
886496187
886496202
886496203
886496209
886496210
886496223
886496224
886496244
886496245
886496265
886496266
886496286
886496287
886496306
886496307
886496363
886496364
886496382
886496383
886496410
886496411
886496423
886496424
886496449
886496450
886496459
886496460
886496497
886496498
886496512
886496513
886496523
886496524
886496536
886496537
886496553
886496554
886496574
886496575
886496591
886496592
886496600
886496601
886496652
886496653
886496673
886496674
886496720
886496721
886496745
886496746
886496768
886496769
886496793
886496794
886496812
886496813
886496828
886496829
886496844
886496845
886496876
886496877
886496888
886496889
886496906
886496907
886496946
886496947
886496961
886496962
886496974
886496975
886496995
886496996
886497018
886497019
886497054
886497055
886497136
886497137
886497156
886497157
886497208
886497209
886497236
886497237
886497293
886497294
886497371
886497372
886497438
886497439
886497480
886497481
886497504
886497505
886497513
886497514
886497536
886497537
886497554
886497555
886497575
886497576
886497606
886497607
886497633
886497634
886497638
886497639
886497654
886497655
886497673
886497674
886497677
886497678
886497691
886497692
886497698
886497699
886497711
886497712
886497718
886497719
886497725
886497726
886497752
886497753
886497763
886497764
886497771
886497772
886497777
886497778
886497790
886497791
886497796
886497797
886497800
886497801
886497805
886497806
886497809
886497810
886497819
886497820
886497827
886497828
886497835
886497836
886497843
886497844
886497852
886497853
886497860
886497861
886497892
886497893
886497898
886497899
886497905
886497906
886497931
886497932
886497941
886497942
886497953
886497954
886497960
886497961
886497969
886497970
886498006
886498007
886498030
886498031
886498037
886498038
886498064
886498065
886498072
886498073
886498079
886498080
886610604
886610605
886641255
886641256
886641358
886641359
886641843
886641844
886643048
886643049
886730073
886730074
886731231
886731232
886731258
886731259
886731275
886731276
886731280
886731281
886731296
886731297
886731330
886731331
886731350
886731351
886731383
886731384
886731449
886731450
886731519
886731520
886731545
886731546
886731588
886731589
886731752
886731753
886731894
886731895
886731941
886731942
886731956
886731957
886732049
886732050
886732071
886732072
886732140
886732141
886732357
886732358
886732394
886732395
886732415
886732416
886732477
886732478
886732505
886732506
886732548
886732549
886732604
886732605
886732644
886732645
886732659
886732660
886732670
886732671
886732703
886732704
886732730
886732731
886732785
886732786
886732810
886732811
886732837
886732838
886732910
886732911
886734719
886734720
886884222
886884223
886885643
886897565
886897566
886897567
886897568
886897570
886897572
886897573
886897574
886897575
886897576
886897577
886897578
886897579
886897580
886897581
886897582
886897583
886897584
886897585
886897586
886897762
886897763
886897793
886897794
886897811
886897812
886897880
886897881
886898081
886898082
886898135
886898136
886898210
886898211
886898323
886898324
886898415
886898416
886898463
886898464
886898527
886898528
886898573
886898574
886898634
886898635
886898787
886898788
886898833
886898834
886898948
886898949
886898984
886898985
886899066
886899067
886899134
886899135
886899173
886899174
886899290
886899291
886899348
886899349
886899428
886899429
886899470
886899471
886899545
886899546
886899597
886899598
886899719
886899720
886899756
886899757
886899859
886899860
886900014
886900015
886900047
886900048
886900157
886900158
886900218
886900219
886900309
886900310
886900374
886900375
886900490
886900491
886900536
886900537
886900580
886900581
886900632
886900633
886900683
886900684
886900703
886900704
886900744
886900745
886900786
886900787
886900849
886900850
886900924
886900925
886900992
886900993
886901105
886901108
886901190
886901191
886901303
886901304
886901363
886901364
886901418
886901419
886901488
886901489
886901532
886901533
886901561
886901562
886901638
886901639
886901681
886901682
886901812
886901813
886901892
886901893
886901952
886901953
886901984
886901985
886902062
886902063
886902127
886902128
886902157
886902158
886902218
886902219
886902263
886902264
886902297
886902298
886902342
886902343
886902397
886902398
886902463
886902464
886902500
886902501
886902544
886902545
886902583
886902584
886902686
886902687
886902776
886902777
886902803
886902804
886902859
886902860
886902900
886902901
886902950
886902951
886902981
886902983
886903091
886903092
886903181
886903182
886903278
886903279
886903321
886903322
886903369
886903370
886903397
886903398
886903472
886903473
886903510
886903511
886903615
886903616
886903658
886903659
886903683
886903684
886903743
886903744
886903825
886903826
886903857
886903858
886903890
886903891
886904024
886904025
886904046
886904047
886904126
886904127
886904213
886904214
886904269
886904270
886904325
886904326
887331518
887331519
887393409
887393410
887426383
887426384
887668795
887668796
887669254
887669255
887669801
887669802
887670712
887670714
887670806
887670807
887670870
887670871
887671337
887671338
887671363
887671364
887671440
887671441
887671522
887671523
887671552
887671553
887671567
887671568
887671649
887671650
887671686
887671687
887671828
887671829
887671890
887671891
887671993
887671994
887672057
887672058
887672090
887672091
887672135
887672136
887672174
887672175
887672308
887672309
887672385
887672386
887672457
887672458
887672522
887672523
887672647
887672648
887672697
887672698
887672758
887672759
887672872
887672873
887673072
887673073
887673113
887673114
887673910
887673911
887673992
887673993
887684535
887684536
887690542
887690543
887692365
887696693
887696694
887706390
887706391
887788022
887788023
887805657
887805658
887809935
887809936
887814319
887814320
887819545
887819547
887821510
887821511
887899867
887899868
887900597
887900598
887900671
887900672
887902219
887902220
887945932
887945933
888197254
888197255
888197256
888197257
888197258
888197259
888197260
888197261
888197262
888197263
888197264
888197265
888197266
888197267
888197268
888197269
888197270
888197271
888197272
888197273
888197345
888197346
888197382
888197383
888197439
888197440
888197492
888197493
888197523
888197524
888197563
888197564
888197607
888197608
888197641
888197642
888197671
888197672
888197733
888197734
888197780
888197781
888197849
888197850
888197918
888197919
888197985
888197986
888198053
888198054
888198152
888198153
888198178
888198179
888198264
888198265
888198313
888198314
888198395
888198396
888198422
888198423
888198487
888198488
888198521
888198522
888198598
888198599
888198648
888198649
888198688
888198689
888198752
888198753
888198808
888198809
888198871
888198872
888198928
888198929
888198959
888198960
888199181
888199182
888199328
888199329
888199448
888199449
888199554
888199555
888199661
888199663
888199771
888199772
888199856
888199857
888199927
888199928
888199997
888199998
888200084
888200085
888200142
888200143
888200218
888200219
888200288
888200289
888200382
888200383
888200579
888200580
888200695
888200696
888200746
888200747
888200857
888200858
888200928
888200929
888200994
888200995
888201178
888201179
888201230
888201231
888201340
888201341
888201450
888201451
888201600
888201601
888201748
888201749
888201854
888201855
888201981
888201982
888202102
888202103
888202186
888202187
888202330
888202331
888202428
888202429
888202570
888202571
888202659
888202660
888202798
888202799
888202873
888202874
888202974
888202975
888203073
888203074
888203236
888203237
888203284
888203285
888203337
888203338
888203438
888203439
888203566
888203567
888203674
888203675
888203862
888203863
888203911
888203912
888203980
888203981
888204055
888204056
888204149
888204150
888204298
888204299
888204365
888204366
888204430
888204431
888204464
888204465
888204594
888204595
888204728
888204729
888204882
888204883
888204927
888204928
888205036
888205037
888205127
888205128
888205297
888205298
888205414
888205415
888205526
888205527
888205592
888205593
888205728
888205729
888205782
888205783
888205869
888205870
888205955
888205956
888206061
888206062
888206204
888206205
888285721
888285722
888288766
888288767
888292625
888292626
888295028
888295029
888373528
888373529
888394979
888394980
888394983
888394984
888414257
888414258
888424564
888424565
888470114
888470115
888476593
888476594
888482999
888483000
888509963
888509964
888518720
888518721
888525763
888525764
888527027
888527028
888527123
888527124
888528886
888528887
888529139
888529140
888529453
888529454
888541840
888541841
888542953
888542954
888543433
888543434
888550777
888550778
888556298
888559375
888559376
888650999
888651000
888651878
888668556
888668557
888670097
888670098
888672196
888672197
888753130
888753131
888757656
888757657
888777559
888777560
888791471
888791472
888794780
888794781
888796473
888796474
889001317
889001318
889027526
889027528
889031593
889031594
889034815
889034816
889041863
889041864
889041981
889041982
889042021
889042022
889044056
889044057
889044075
889044076
889044238
889044239
889193257
889193258
889234969
889234970
889396842
889396843
889435189
889435190
889449464
889449465
889546216
889546217
889579315
889579316
889585384
889585385
889585675
889585676
889587425
889587426
889588187
889588189
889594301
889594302
889594887
889594888
889595181
889595182
889596001
889596002
889596395
889596396
889596782
889596783
889596973
889596974
889597372
889597373
889597588
889597589
889597936
889597937
889599028
889599029
889599160
889599161
889599601
889599602
889653890
889653891
889659431
889659432
889786012
889786013
889788535
889788537
889802393
889802394
889999341
889999342
890152521
890152522
890283279
890283280
890283284
890283285
890283286
890287759
890287814
890287904
890288097
890288144
890288240
890288328
890288402
890288403
890288468
890288874
890289064
890289607
890289608
890289619
890289620
890289646
890290034
890290131
890290238
890290453
890290566
890290681
890290810
890291082
890297304
890297305
890298527
890299200
890299359
890299444
890299850
890299851
890302071
890302072
890302265
890302775
890302776
890303359
890303360
890304709
890304930
890305088
890305390
890305535
890305793
890307039
890307732
890308669
890309476
890309477
890309779
890310452
890310806
890311467
890313541
890314341
890314342
890314541
890315196
890316186
890316383
890333656
890333657
890333658
890333929
890333930
890334827
890334828
890335332
890335334
890335734
890335735
890335739
890339449
890339450
890339577
890339578
890340873
890340874
890341428
890341429
890341642
890341643
890341879
890341882
890345622
890345623
890346396
890346397
890346842
890346843
890666839
890666841
890674643
890674644
891213333
891213334
891214284
891214285
891214620
891214621
891215142
891215143
891216569
891216570
891246974
891246975
891246987
891246988
891313846
891313847
891313850
891313851
891338941
891338942
891339334
891339335
891339717
891339718
891340073
891340074
891340309
891340310
891340835
891340836
891340837
891340838
891340839
891340840
891340912
891340913
891341157
891341158
891341719
891341720
891366005
891366006
891366007
891366008
891366009
891366010
891366011
891366012
891366013
891366014
891366015
891366016
891366017
891366018
891366019
891366020
891366021
891366022
891366023
891366024
891366143
891366144
891366160
891366161
891366199
891366200
891366213
891366214
891366241
891366242
891366342
891366343
891366397
891366398
891366428
891366430
891366513
891366514
891366587
891366588
891366664
891366665
891366736
891366737
891366823
891366824
891366881
891366882
891366959
891366960
891367014
891367015
891367062
891367064
891367114
891367115
891367165
891367166
891367208
891367209
891367282
891367283
891367350
891367351
891367412
891367413
891367474
891367475
891367516
891367517
891367579
891367580
891367631
891367632
891367714
891367715
891367785
891367786
891367834
891367835
891367911
891367912
891367931
891367932
891367975
891367976
891368022
891368023
891368087
891368088
891368112
891368113
891368158
891368159
891368179
891368180
891368252
891368253
891368297
891368298
891368365
891368366
891368402
891368403
891368431
891368432
891368456
891368457
891368515
891368516
891368571
891368572
891368627
891368628
891368648
891368649
891368685
891368686
891368719
891368720
891368789
891368790
891368829
891368830
891368906
891368907
891368975
891368976
891369031
891369032
891369086
891369087
891369181
891369182
891369223
891369224
891369272
891369273
891369304
891369305
891369337
891369338
891369370
891369371
891369418
891369419
891369452
891369453
891369473
891369474
891369552
891369553
891369595
891369596
891369632
891369633
891369657
891369658
891369674
891369675
891369692
891369694
891369705
891369706
891369716
891369717
891369733
891369734
891369759
891369760
891369768
891369769
891369833
891369834
891369859
891369860
891369884
891369885
891369909
891369910
891369921
891369922
891369940
891369941
891370001
891370002
891370015
891370016
891370042
891370043
891370074
891370075
891370120
891370121
891370129
891370130
891370162
891370163
891370180
891370181
891370195
891370196
891370266
891370270
891370343
891370344
891370422
891370423
891370461
891370462
891370474
891370475
891370522
891370523
891370553
891370554
891370588
891370589
891370606
891370607
891370639
891370640
891511686
891511687
891513407
891513408
891513606
891513607
891513681
891513682
891513780
891513781
891513883
891513884
891513956
891513957
891514222
891514223
891514313
891514314
891514347
891514348
891514444
891514445
891514518
891514519
891514671
891514672
891514798
891514799
891514930
891514931
891515336
891515337
891515625
891515626
891516094
891516095
891517019
891517020
891517208
891517209
891518503
891518504
891519227
891519228
891519951
891519952
891521502
891521503
891521621
891521622
891521687
891521688
891521718
891521719
891521780
891521781
891521825
891521826
891522189
891522190
891522247
891522248
891522365
891522366
891522415
891522416
891522517
891522518
891522628
891522629
891522641
891522642
891522856
891522857
891523159
891523160
891523236
891523237
891523742
891523743
891523899
891523900
891524331
891524332
891524400
891524401
891524962
891524963
891525446
891525447
891526800
891526801
891527047
891527048
891527239
891527240
891527503
891527504
891527684
891527685
891527980
891527981
891528263
891528264
891528515
891528516
891528614
891528615
891529294
891529295
891529528
891529529
891529795
891529796
891530060
891530061
891625584
891625585
891626732
891626733
891669794
891669795
891669801
891669802
891669806
891669807
891669816
891669817
891669822
891669823
891669827
891684192
891684193
891688966
891688967
891689138
891689139
891689246
891689247
891689249
891689250
891690984
891690985
891691084
891691085
892420650
892420651
892423611
892423645
894831031
894832244
894832675
894832693
894833673
894833674
894854371
894854372
894854395
894854396
894854413
894854414
894854448
894854449
894854473
894854474
894854536
894854537
894854559
894854560
894854645
894854646
894854733
894854734
894854803
894854804
894854832
894854833
894854882
894854883
894854896
894854897
894854905
894854906
894854914
894854915
894854932
894854933
894854938
894854939
894854957
894854958
894854972
894854973
894854977
894854978
894855031
894855032
894855080
894855081
894855145
894855146
894855174
894855175
894855188
894855189
894855224
894855225
894855311
894855312
894855395
894855396
894855419
894855420
894855445
894855446
894855461
894855462
894855478
894855479
894855548
894855549
894855582
894855583
894855604
894855605
894855690
894855691
894855728
894855729
894855756
894855757
894855780
894855781
894855794
894855795
894855983
894855984
894855996
894855997
894856026
894856027
894856051
894856052
894856069
894856070
894856080
894856081
894856092
894856093
894856114
894856115
894856275
894856276
894856550
894856551
894856575
894856576
894856622
894856623
894856639
894856640
894856658
894856659
894856725
894856726
894856744
894856745
894856767
894856768
894910761
894910762
894923548
894923549
894937682
894937683
894984635
894984636
894984721
894984722
894989316
894989317
894990175
894990176
894992070
894992071
894992807
894992808
894993132
894993133
894993846
894993847
894996087
894996088
894996115
894996116
894996141
894996142
894996218
894996219
894996312
894996313
894996321
894996322
894996351
894996352
895001664
895001665
895006222
895006223
895011382
895011383
895035743
895035744
895040938
895040939
895053122
895053123
895055288
895055289
895068428
895068429
895068467
895068468
895068493
895068494
895068593
895068594
895068744
895068745
895068789
895068790
895112603
895112604
895114523
895114524
895114558
895114559
895114589
895114590
895114980
895114981
895115487
895115488
895115717
895115718
895115798
895115799
895116147
895116148
895116272
895116273
895127662
895127663
895127664
895127665
895127666
895127667
895127668
895127669
895127670
895127671
895127672
895127673
895127674
895127675
895127676
895127677
895127678
895127679
895127680
895127681
895127735
895127736
895127751
895127752
895127776
895127777
895127805
895127806
895127848
895127849
895127881
895127882
895127902
895127903
895127946
895127947
895128001
895128002
895128021
895128022
895128038
895128039
895128078
895128079
895128133
895128134
895128168
895128169
895128189
895128190
895128317
895128321
895128452
895128453
895128688
895128689
895128722
895128723
895128821
895128822
895129024
895129025
895129080
895129081
895129193
895129194
895129360
895129361
895129539
895129540
895129694
895129695
895129744
895129745
895129822
895129823
895129982
895129983
895130119
895130120
895130236
895130237
895130386
895130387
895130468
895130469
895130634
895130635
895130792
895130793
895130891
895130892
895131046
895131047
895131147
895131148
895131279
895131280
895131323
895131324
895131343
895131344
895131448
895131449
895131539
895131540
895131549
895131550
895131629
895131630
895131690
895131691
895131716
895131717
895131782
895131783
895131839
895131840
895131867
895131868
895131884
895131885
895131906
895131907
895131936
895131937
895131953
895131954
895131957
895131958
895131971
895131972
895132002
895132003
895132017
895132018
895132025
895132027
895132054
895132055
895132083
895132084
895132091
895132092
895132117
895132118
895132134
895132135
895132158
895132159
895132188
895132189
895132223
895132224
895132242
895132243
895132290
895132291
895132313
895132314
895132316
895132317
895132397
895132398
895132405
895132406
895132437
895132438
895132466
895132467
895132494
895132495
895132524
895132525
895132530
895132531
895132580
895132581
895132629
895132630
895132637
895132638
895132676
895132677
895132723
895132724
895132759
895132760
895132804
895132805
895132898
895132899
895132915
895132916
895132958
895132959
895132962
895132963
895133015
895133016
895133037
895133038
895133052
895133053
895133104
895133105
895133158
895133159
895133185
895133186
895133205
895133206
895133255
895133256
895133288
895133289
895133319
895133320
895133339
895133340
895133426
895133427
895133483
895133484
895133512
895133513
895133590
895133591
895133607
895133608
895133660
895133661
895133705
895133706
895133719
895133720
895133753
895133754
895133791
895133792
895133879
895133880
895133909
895133910
895133947
895133948
895133966
895133967
895134004
895134005
895134027
895134028
895134042
895134043
895134046
895134047
895134099
895134100
895134128
895134129
895134152
895134153
895134176
895134177
895134239
895134240
895134285
895134286
895134322
895134323
895134341
895134342
895134403
895134404
895134507
895134508
895134573
895134574
895134616
895134617
895134691
895134692
895134737
895134738
895134799
895134800
895134902
895134903
895134946
895134947
895134988
895134989
895135027
895135028
895135141
895135142
895135215
895135216
895135522
895135523
895135702
895135703
895136278
895136279
895136886
895136887
895137052
895137053
895137426
895137427
895137844
895137845
895138092
895138093
895138198
895138199
895138509
895138510
895138708
895138709
895139023
895139024
895139263
895139264
895139626
895139627
895139770
895139771
895210433
895210434
895322998
895322999
895323138
895323139
895323510
895323511
895323769
895323770
895323864
895323865
895324244
895324245
895324401
895324402
895324936
895324937
895325172
895325173
895325569
895325570
895326485
895326486
895327039
895327040
895328578
895328579
895328645
895328646
895328780
895328781
895329077
895329078
895329109
895329110
895329240
895329241
895329312
895329313
895329714
895329715
895329755
895329756
895336503
895336504
895336524
895336525
895336843
895336844
895337082
895337083
895337260
895337261
895337331
895337332
895337560
895337561
895337669
895337670
895338026
895338027
895338057
895338058
895338380
895338381
895338647
895338648
895338695
895338696
895338806
895338807
895339078
895339079
895339131
895339132
895339189
895339190
895339214
895339215
895339271
895339272
895339345
895339346
895339585
895339586
895339684
895339685
895339914
895339915
895340085
895340086
895340152
895340153
895341238
895341239
895341273
895341274
895341298
895341299
895341413
895341414
895341493
895341494
895341534
895341535
895342199
895342200
895342238
895342239
895342409
895342410
895342564
895342565
895342578
895342579
895342652
895342653
895342736
895342737
895343339
895343340
895344144
895344145
895344202
895344203
895344254
895344255
895344326
895344327
895344366
895344367
895344525
895344526
895344628
895344629
895344730
895344731
895344923
895344924
895344955
895344956
895345041
895345042
895345070
895345071
895345095
895345096
895345154
895345155
895345236
895345237
895345570
895345571
895345766
895345767
895345822
895345823
895345906
895345907
895345944
895345945
895345954
895345955
895346028
895346029
895346152
895346153
895346194
895346195
895346241
895346242
895346357
895346358
895346515
895346516
895346539
895346540
895353477
895353478
895375769
895375770
895376367
895376368
895376841
895376842
895376909
895376910
895377120
895377121
895377302
895377303
895377447
895377448
895377510
895377511
895377608
895377609
895377703
895377705
895377943
895377944
895378199
895378200
895378257
895378258
895378957
895378958
895379413
895379414
895379449
895379450
895379518
895379519
895379714
895379715
895379781
895379782
895379904
895379905
895380061
895380062
895380130
895380131
895380221
895380222
895380314
895380315
895380399
895380400
895380497
895380498
895380816
895380817
895380858
895380859
895381306
895381307
895381358
895381359
895381908
895381909
895382419
895382420
895395881
895395882
895412774
895412775
895421201
895421202
895421203
895421204
895421205
895421206
895421207
895421208
895421209
895421210
895421211
895421212
895421213
895421214
895421215
895421216
895421217
895421218
895421219
895421220
895421258
895421259
895421317
895421318
895421360
895421361
895421388
895421389
895421431
895421432
895421448
895421449
895421491
895421492
895421537
895421538
895421560
895421561
895421664
895421665
895421744
895421745
895421825
895421826
895421860
895421861
895421889
895421892
895421957
895421958
895422016
895422017
895422042
895422043
895422087
895422088
895422123
895422124
895422186
895422187
895422226
895422227
895422256
895422257
895422282
895422283
895422312
895422313
895422350
895422351
895422410
895422411
895422451
895422452
895422480
895422481
895422564
895422565
895422798
895422799
895423088
895423089
895423249
895423250
895423372
895423373
895423571
895423572
895423696
895423697
895423863
895423864
895424128
895424129
895424448
895424449
895424765
895424766
895424989
895424990
895425157
895425158
895425292
895425293
895425575
895425576
895425684
895425685
895425815
895425816
895425907
895425908
895426166
895426167
895426491
895426492
895426634
895426635
895426794
895426795
895427010
895427011
895427206
895427208
895427298
895427299
895427411
895427412
895427461
895427462
895427547
895427548
895427584
895427585
895427643
895427644
895427680
895427681
895427718
895427719
895427761
895427762
895427804
895427805
895427877
895427878
895427944
895427945
895428017
895428018
895428085
895428086
895428158
895428159
895428217
895428218
895428290
895428291
895428359
895428360
895428458
895428459
895428522
895428524
895428593
895428594
895428661
895428662
895428763
895428764
895428833
895428834
895428911
895428912
895428958
895428959
895428987
895428988
895429084
895429085
895429170
895429171
895429294
895429295
895429352
895429353
895429390
895429391
895429467
895429468
895429523
895429524
895429565
895429566
895429689
895429690
895429761
895429762
895429868
895429869
895429920
895429921
895429953
895429954
895429992
895429993
895430131
895430132
895430178
895430179
895430247
895430248
895430292
895430293
895430330
895430331
895430434
895430435
895430482
895430483
895430612
895430613
895432268
895432269
895432408
895432409
895433024
895433025
895433190
895433191
895433593
895433594
895434225
895434227
895434432
895434433
895435119
895435120
895435217
895435218
895435323
895435324
895435486
895435487
895435529
895435530
895435572
895435573
895435621
895435622
895435683
895435684
895435720
895435721
895435803
895435804
895435839
895435840
895436101
895436102
895436508
895436509
895436808
895436809
895436859
895436860
895437116
895437117
895439162
895439163
895439327
895439328
895439406
895439407
895439445
895439446
895439593
895439594
895439751
895439752
895439901
895439902
895440045
895440046
895440087
895440088
895440149
895440150
895440342
895440343
895440401
895440402
895440456
895440457
895440518
895440519
895440563
895440564
895440655
895440656
895440782
895440783
895440864
895440865
895440990
895440991
895441702
895441703
895441877
895441878
895441938
895441939
895491366
895491367
895491368
895491369
895491370
895491371
895491372
895491373
895491374
895491375
895491376
895491377
895491378
895491379
895491380
895491381
895491382
895491383
895491384
895491385
895491449
895491450
895491523
895491524
895491541
895491542
895491585
895491586
895491637
895491638
895491664
895491665
895491692
895491693
895491715
895491716
895491774
895491775
895491846
895491847
895491887
895491888
895491926
895491927
895491963
895491964
895492009
895492010
895492049
895492050
895492114
895492115
895492188
895492189
895492258
895492259
895492296
895492297
895492341
895492342
895492394
895492395
895492468
895492469
895492497
895492498
895492530
895492531
895492567
895492568
895492600
895492601
895492636
895492637
895492684
895492685
895492702
895492703
895492776
895492777
895492811
895492812
895492849
895492850
895492907
895492908
895492970
895492971
895493018
895493019
895493084
895493085
895493126
895493127
895493184
895493185
895493218
895493219
895493269
895493270
895493381
895493382
895493419
895493420
895493449
895493450
895493474
895493475
895493573
895493574
895493655
895493656
895493738
895493739
895493772
895493773
895493854
895493855
895493879
895493880
895493931
895493932
895494028
895494029
895494104
895494105
895494214
895494215
895494247
895494248
895494324
895494325
895494410
895494411
895494484
895494485
895494518
895494519
895494615
895494616
895494648
895494649
895494712
895494713
895494758
895494759
895494790
895494791
895494855
895494856
895494932
895494933
895494974
895494975
895495053
895495054
895495134
895495135
895495196
895495197
895495251
895495252
895495312
895495313
895495363
895495364
895495406
895495407
895495440
895495441
895495489
895495490
895495525
895495526
895495582
895495583
895495607
895495608
895495641
895495642
895495707
895495708
895495794
895495795
895495839
895495840
895495884
895495885
895495951
895495952
895495992
895495993
895496080
895496081
895496112
895496113
895496138
895496139
895496171
895496172
895496188
895496189
895496226
895496227
895496263
895496264
895496296
895496297
895496366
895496367
895496408
895496409
895496446
895496447
895496477
895496478
895496537
895496538
895496557
895496558
895502525
895502526
895502630
895502631
895502853
895502854
895503357
895503358
895503431
895503432
895503508
895503509
895503638
895503639
895503660
895503661
895503714
895503715
895503740
895503741
895503834
895503835
895503882
895503883
895503902
895503903
895503938
895503939
895503956
895503957
895503967
895503968
895504047
895504048
895504094
895504095
895504192
895504193
895504207
895504208
895504256
895504257
895504269
895504270
895504332
895504333
895504399
895504400
895504421
895504422
895504744
895504745
895504779
895504780
895504917
895504918
895505144
895505145
895505308
895505309
895514718
895514719
895514738
895514739
895514760
895514761
895514786
895514787
895514807
895514808
895514828
895514829
895514862
895514863
895514892
895514893
895514924
895514925
895514958
895514959
895514974
895514975
895514990
895514991
895515017
895515018
895515059
895515060
895515096
895515097
895515131
895515132
895515222
895515223
895515437
895515438
895515513
895515514
895515589
895515590
895515647
895515648
895515667
895515668
895515687
895515688
895515735
895515736
895515762
895515763
895515790
895515791
895515826
895515827
895515868
895515869
895515899
895515900
895515937
895515938
895516057
895516058
895516086
895516087
895516131
895516132
895516293
895516294
895516338
895516339
895516353
895516354
895516386
895516387
895516405
895516406
895516429
895516430
895516458
895516459
895516506
895516507
895516548
895516549
895516579
895516580
895516619
895516620
895516671
895516672
895516723
895516724
895516866
895516867
895516997
895516998
895538593
895538594
895563375
895563376
895564107
895564108
895564219
895564220
895564269
895564270
895564451
895564452
895564569
895564570
895564742
895564743
895564845
895564846
895564865
895564866
895564885
895564886
895564944
895564945
895564993
895564994
895565100
895565101
895565242
895565243
895565258
895565259
895565304
895565305
895565360
895565361
895565373
895565374
895565437
895565438
895565632
895565633
895565755
895565756
895565850
895565851
895566003
895566004
895566071
895566072
895566140
895566141
895566196
895566197
895566245
895566246
895566278
895566279
895566342
895566343
895566398
895566399
895566472
895566473
895566594
895566595
895566650
895566651
895566668
895566669
895566739
895566740
895566770
895566771
895566901
895566902
895566942
895566943
895566979
895566980
895567104
895567105
895567197
895567198
895567331
895567332
895567456
895567457
895567536
895567537
895567588
895567589
895567632
895567633
895567686
895567687
895567728
895567729
895567935
895567936
895601170
895601171
895608294
895608295
895608328
895608329
895608393
895608394
895608407
895608408
895608436
895608437
895608619
895608620
895608700
895608701
895608754
895608755
895608793
895608794
895608842
895608843
895608865
895608866
895608931
895608932
895609004
895609005
895609020
895609021
895609111
895609112
895609145
895609146
895609165
895609166
895609194
895609195
895609219
895609220
895609257
895609258
895609294
895609295
895609341
895609342
895609362
895609363
895609378
895609379
895609475
895609476
895609488
895609489
895609617
895609618
895609648
895609649
895609669
895609670
895609692
895609693
895609738
895609739
895609789
895609790
895609847
895609848
895609900
895609901
895610005
895610006
895610031
895610032
895610072
895610073
895610097
895610098
895610113
895610114
895610137
895610138
895610161
895610162
895610200
895610201
895610238
895610239
895610255
895610256
895610347
895610348
895610395
895610396
895610435
895610436
895610640
895610641
895610864
895610866
895610925
895610926
895610970
895610972
895611020
895611021
895611035
895611036
895611054
895611055
895611068
895611069
895611114
895611115
895611175
895611176
895611204
895611205
895611245
895611246
895611270
895611271
895611344
895611345
895611393
895611394
895611455
895611456
895611508
895611509
895611519
895611520
895611547
895611548
895611569
895611570
895611586
895611587
895611613
895611614
895611636
895611637
895611657
895611658
895611883
895611884
895611922
895611923
895612016
895612017
895612139
895612140
895612195
895612196
895612278
895612279
895612354
895612355
895612447
895612448
895612475
895612476
895612492
895612493
895612520
895612521
895612553
895612554
895612575
895612576
895612633
895612634
895612669
895612670
895612733
895612734
895612752
895612753
895612787
895612788
895612833
895612834
895612860
895612861
895612890
895612891
895612937
895612938
895612963
895612964
895612999
895613000
895613020
895613021
895613032
895613033
895613048
895613049
895613101
895613102
895613120
895613121
895613153
895613154
895613181
895613182
895613229
895613230
895613423
895613424
895613487
895613488
895613496
895613497
895613502
895613503
895613523
895613524
895613535
895613536
895613537
895613538
895613544
895613546
895613556
895613557
895613565
895613566
895613572
895613573
895613575
895613576
895613586
895613587
895613592
895613593
895613598
895613599
895613604
895613605
895613608
895613609
895613619
895613620
895613625
895613626
895613631
895613632
895613635
895613636
895613643
895613644
895613653
895613654
895613661
895613662
895613664
895613665
895613679
895613680
895613684
895613685
895613691
895613692
895613708
895613709
895613712
895613713
895613716
895613717
895613726
895613727
895613729
895613730
895613739
895613740
895613746
895613747
895613775
895613776
895613779
895613780
895613784
895613785
895613797
895613798
895613813
895613814
895613823
895613824
895613833
895613834
895613857
895613858
895613878
895613879
895613890
895613891
895613907
895613908
895613915
895613916
895613924
895613925
895613940
895613941
895613951
895613952
895613960
895613961
895613976
895613977
895613980
895613981
895613998
895613999
895614022
895614023
895614041
895614042
895614053
895614054
895614070
895614071
895614092
895614093
895614108
895614109
895614128
895614129
895614159
895614160
895614184
895614185
895614204
895614205
895614219
895614220
895614232
895614233
895614247
895614248
895614259
895614260
895614287
895614288
895614306
895614307
895614319
895614320
895614346
895614347
895614377
895614378
895614400
895614401
895614417
895614418
895614432
895614433
895628146
895628147
895628184
895628185
895628299
895628300
895628333
895628334
895628379
895628380
895628398
895628399
895628441
895628442
895628485
895628486
895628516
895628517
895628540
895628541
895628603
895628604
895628645
895628646
895628684
895628685
895628727
895628728
895628765
895628766
895628801
895628802
895628841
895628842
895628890
895628891
895628933
895628934
895628976
895628977
895629002
895629003
895629071
895629072
895629126
895629127
895629215
895629216
895629236
895629237
895629277
895629278
895629303
895629304
895629342
895629343
895629422
895629423
895629479
895629480
895629545
895629546
895629563
895629564
895629579
895629580
895629625
895629626
895629656
895629658
895629733
895629734
895629844
895629845
895629926
895629927
895629994
895629995
895630052
895630053
895630147
895630148
895630198
895630199
895630231
895630232
895630315
895630316
895630370
895630371
895630437
895630438
895630499
895630500
895630579
895630580
895630646
895630647
895630718
895630719
895630793
895630794
895630847
895630848
895630910
895630911
895630985
895630986
895631026
895631027
895631122
895631123
895631178
895631179
895631231
895631232
895631279
895631280
895631357
895631358
895631387
895631388
895631421
895631422
895631503
895631504
895631550
895631551
895631586
895631587
895631622
895631623
895631683
895631684
895631720
895631721
895631783
895631784
895631814
895631815
895631854
895631855
895631915
895631916
895631950
895631951
895632003
895632004
895632033
895632034
895632074
895632075
895632129
895632130
895632160
895632161
895632223
895632224
895632264
895632265
895632295
895632296
895632334
895632335
895632362
895632363
895632384
895632385
895632419
895632420
895632484
895632485
895635841
895635842
895635843
895635844
895635845
895635846
895635847
895635848
895635849
895635850
895635851
895635852
895635853
895635854
895635855
895635856
895635857
895635858
895635859
895635860
895635906
895635907
895635940
895635941
895635965
895635966
895635977
895635978
895635990
895635991
895636010
895636011
895636028
895636029
895636046
895636047
895636057
895636058
895636071
895636072
895636082
895636083
895636112
895636113
895636130
895636131
895636145
895636146
895636180
895636181
895636187
895636188
895636210
895636211
895636223
895636224
895636239
895636240
895636253
895636254
895636279
895636280
895636289
895636290
895636302
895636303
895636316
895636317
895636328
895636329
895636412
895636413
895636429
895636430
895636453
895636454
895636459
895636460
895636481
895636482
895636493
895636494
895636511
895636512
895636521
895636522
895636548
895636549
895636565
895636566
895636594
895636595
895636616
895636617
895636653
895636654
895636684
895636685
895636697
895636698
895636720
895636721
895636739
895636740
895636784
895636785
895636805
895636806
895636850
895636851
895636899
895636900
895636939
895636940
895636986
895636987
895637020
895637021
895637059
895637060
895637073
895637074
895637102
895637103
895637129
895637130
895637156
895637157
895637177
895637178
895637209
895637210
895637220
895637221
895637245
895637246
895637276
895637277
895637302
895637303
895637317
895637318
895637363
895637364
895637389
895637390
895637418
895637419
895637446
895637447
895637467
895637468
895637482
895637483
895637498
895637499
895637524
895637525
895637539
895637540
895637549
895637550
895637576
895637577
895637591
895637592
895637634
895637635
895637677
895637678
895637719
895637720
895637756
895637757
895637773
895637774
895637819
895637820
895637858
895637859
895637892
895637893
895637918
895637919
895637953
895637954
895637994
895637995
895638022
895638023
895638060
895638061
895638097
895638098
895638128
895638129
895638168
895638169
895638212
895638213
895638248
895638249
895638270
895638271
895638310
895638311
895638324
895638325
895638372
895638373
895638414
895638415
895638473
895638474
895638504
895638505
895638552
895638553
895638574
895638575
895688983
895688984
895689649
895689650
895706301
895706302
895867141
895867142
895868099
895868100
895868256
895868257
895868316
895868317
895868350
895868351
895868411
895868412
895868430
895868431
895868452
895868453
895868787
895868788
895868993
895868994
895869368
895869369
896000354
896000355
896002193
896002194
896002754
896002755
896004008
896004009
896013210
896013211
896013233
896013234
896013362
896013363
896013457
896013459
896013556
896013557
896013684
896013685
896014080
896014081
896014730
896014731
896014744
896014745
896014796
896014797
896014918
896014919
896014968
896014969
896015121
896015122
896015206
896015207
896063580
896063581
896063786
896063787
896063902
896063903
896064354
896064355
896064573
896064574
896066129
896066130
896236109
896236110
896236222
896236223
896236296
896236297
896236311
896236312
896236620
896236621
896236737
896236738
896236890
896236891
896237415
896237416
896237488
896237489
896237673
896237674
896237691
896237692
896237839
896237840
896238140
896238141
896238468
896238469
896238635
896238636
896302862
896302863
896303237
896303238
896303463
896303464
896303717
896303718
896303819
896303820
896303832
896303833
896303864
896303865
896304046
896304047
896392799
896392800
896393499
896393500
896393607
896393608
896393847
896393848
896396638
896396639
896396967
896396968
896397481
896397482
896397935
896397936
896399228
896399229
896399702
896399704
896399830
896399831
896400193
896400194
896400882
896400883
896401695
896401696
896401913
896401914
896402877
896402878
896404572
896404573
896405292
896405293
896405777
896405778
896978914
896978915
897744341
897744342
897968263
897968264
898193480
898193481
898279137
898279138
898369641
898369642
899516341
899516342
899677125
899677126
899758122
899758123
899758168
899758169
899758257
899758258
899758903
899758904
899759094
899759095
899759467
899759468
899759575
899759576
899759971
899759972
899821908
899821909
899824980
899824981
899825018
899825019
899825636
899825637
899825766
899825767
899825824
899825825
899825984
899825985
899826087
899826088
899826110
899826111
899828839
899828840
899965194
899965354
899966996
899966997
900016606
900016607
900021873
900021874
900171522
900171716
900172686
900194133
900199951
900199952
900484027
900484028
900552604
900552605
900784865
900784866
900784957
900784959
900785312
900785313
900785624
900785625
901468507
901469034
901469108
901469315
901469452
901469524
901469525
901469717
901469718
901469783
901469880
901469882
901469969
901470072
901470171
901470172
901470240
901470317
901470409
901470548
901470649
901470695
901470857
901470858
901471312
901471313
901471430
901471431
901471597
901471598
901471831
901471932
901472030
901472230
901472334
901472451
901472452
901472533
901472615
901472685
901472686
901472768
901472868
901472898
901472974
901473033
901473034
901473114
901473115
901473227
901473301
901473302
901473466
901473467
901473541
901473542
901473623
901473697
901473746
901473796
901473877
901473950
901473951
901474044
901474075
901474229
901474230
901474395
901474517
901474666
901474727
901474986
901475132
901475133
901475309
901494339
901494340
