372233075
372281020
372586285
372586944
372601321
372609068
491777825
875435660
875435661
875435722
875435723
875436284
875436285
875436842
875436843
875437652
875437653
875685460
875685461
875686441
875686442
885153411
885153412
885154080
885154081
885790537
885790538
885790539
885790541
885790612
885790613
885790640
885790641
885790714
885790715
885790773
885790774
885790897
885790898
885791573
885791574
885791698
885791699
885792760
885792761
885794303
885794304
885795484
885795485
885795505
885795506
885795557
885795558
885795862
885795863
885795884
885795885
885795934
885795935
885796166
885796167
885796485
885796486
885796676
885796677
885796769
885796770
885796886
885796887
885797001
885797002
885797072
885797073
885797243
885797244
885797659
885797660
885822982
885822983
885822984
885822985
885823115
885823116
885823137
885823138
885823188
885823189
885823301
885823302
885824045
885824046
885824437
885824438
885824644
885824645
885825265
885825266
885825412
885825413
885825476
885825477
885826023
885826024
885826292
885826293
885826533
885826534
885826637
885826638
885827027
885827028
885827559
885827560
885827872
885827873
885827894
885827895
885827985
885827986
885828944
885828945
885829197
885829198
885829305
885829307
885899719
885899720
885899721
885899722
885899854
885899855
885900097
885900098
885900154
885900155
885900576
885900577
885900616
885900617
885900691
885900692
885900719
885900720
885900898
885900899
885900941
885900942
885901011
885901012
885901084
885901085
885901099
885901100
885901136
885901137
885901682
885901683
885901771
885901772
885901882
885901883
885901940
885901941
885901975
885901976
885902046
885902047
885902109
885902110
885902286
885902287
885902393
885902394
885902463
885902464
885902561
885902562
885902627
885902628
885902711
885902712
885902745
885902746
885903037
885903039
885903680
885903681
885903944
885903945
885903954
885903955
885903962
885903963
885904046
885904047
885904166
885904167
885904215
885904216
885904238
885904239
885904619
885904620
885904980
885904981
885905631
885905632
885906012
885906013
885906171
885906172
885906481
885906482
885906562
885906563
885907509
885907510
885907667
885907668
885907708
885907709
885908070
885908071
885908289
885908290
885908522
885908523
885909027
885909028
885909190
885909191
885909343
885909344
885910358
885910359
885910512
885910513
885910564
885910565
885910613
885910614
885910698
885910699
885910887
885910888
885911866
885911867
885911995
885911996
885912413
885912414
885912640
885912641
885912758
885912759
885913044
885913045
885920029
885920030
885920053
885920054
885920185
885920186
885920237
885920238
885920550
885920551
885921448
885921449
885921530
885921531
885921701
885921702
885921831
885921832
885921878
885921879
885922008
885922009
885922379
885922380
885922584
885922585
885922662
885922663
885922959
885922960
885923173
885923174
885923234
885923235
885923406
885923407
885923742
885923743
885924003
885924004
885924159
885924160
885924282
885924283
885924383
885924384
885925188
885925189
885925382
885925383
885925434
885925435
885925504
885925505
885925573
885925574
885926234
885926235
885926307
885926308
885926652
885926653
885926869
885926870
885927176
885927177
885927335
885927336
885927499
885927500
885927775
885927776
885927878
885927879
885927993
885927994
885928035
885928036
885928141
885928142
885928274
885928275
885928491
885928492
885928538
885928539
885986436
885986437
885986555
885986556
885986613
885986614
885986741
885986742
885986805
885986806
885986902
885986903
885986955
885986956
885986986
885986987
885987026
885987027
885987384
885987385
885987455
885987456
885987580
885987581
885987608
885987609
885987701
885987702
885987836
885987837
885988011
885988012
885988099
885988100
885988135
885988136
885988275
885988276
885988352
885988353
885988449
885988450
885988477
885988478
885988561
885988562
885988689
885988690
885988721
885988722
885988770
885988771
885988865
885988866
885988900
885988901
885988983
885988984
885989036
885989037
885989171
885989172
885989493
885989494
885989625
885989626
885989669
885989670
885989709
885989710
885989754
885989755
885990311
885990312
885990455
885990456
885990741
885990742
885990776
885990777
885991116
885991117
885991328
885991329
885991494
885991495
885991852
885991853
885992323
885992324
885992454
885992455
885992850
885992851
885993160
885993161
885993254
885993255
886897565
886897566
886897567
886897568
886897570
886897572
886897573
886897574
886897575
886897576
886897577
886897578
886897579
886897580
886897581
886897582
886897583
886897584
886897585
886897586
886897762
886897763
886897793
886897794
886897811
886897812
886897880
886897881
886898081
886898082
886898135
886898136
886898210
886898211
886898323
886898324
886898415
886898416
886898463
886898464
886898527
886898528
886898573
886898574
886898634
886898635
886898787
886898788
886898833
886898834
886898948
886898949
886898984
886898985
886899066
886899067
886899134
886899135
886899173
886899174
886899290
886899291
886899348
886899349
886899428
886899429
886899470
886899471
886899545
886899546
886899597
886899598
886899719
886899720
886899756
886899757
886899859
886899860
886900014
886900015
886900047
886900048
886900157
886900158
886900218
886900219
886900309
886900310
886900374
886900375
886900490
886900491
886900536
886900537
886900580
886900581
886900632
886900633
886900683
886900684
886900703
886900704
886900744
886900745
886900786
886900787
886900849
886900850
886900924
886900925
886900992
886900993
886901105
886901108
886901190
886901191
886901303
886901304
886901363
886901364
886901418
886901419
886901488
886901489
886901532
886901533
886901561
886901562
886901638
886901639
886901681
886901682
886901812
886901813
886901892
886901893
886901952
886901953
886901984
886901985
886902062
886902063
886902127
886902128
886902157
886902158
886902218
886902219
886902263
886902264
886902297
886902298
886902342
886902343
886902397
886902398
886902463
886902464
886902500
886902501
886902544
886902545
886902583
886902584
886902686
886902687
886902776
886902777
886902803
886902804
886902859
886902860
886902900
886902901
886902950
886902951
886902981
886902983
886903091
886903092
886903181
886903182
886903278
886903279
886903321
886903322
886903369
886903370
886903397
886903398
886903472
886903473
886903510
886903511
886903615
886903616
886903658
886903659
886903683
886903684
886903743
886903744
886903825
886903826
886903857
886903858
886903890
886903891
886904024
886904025
886904046
886904047
886904126
886904127
886904213
886904214
886904269
886904270
886904325
886904326
888791471
888791472
891366664
891366665
891366881
891366882
891366959
891366960
891367975
891367976
891368252
891368253
891369418
891369419
891370074
891370075
892420650
892420651
892423611
892423645
894854536
894854537
894854645
894854646
894854733
894854734
894854803
894854804
894854882
894854883
894855080
894855081
894855728
894855729
894855756
894855757
894855794
894855795
895132117
895132118
895132397
895132398
895132466
895132467
895132962
895132963
895133037
895133038
895134403
895134404
895134573
895134574
895134799
895134800
895134988
895134989
895135215
895135216
895135522
895135523
895137844
895137845
895138509
895138510
895336503
895336504
895491963
895491964
895492114
895492115
895492600
895492601
895492702
895492703
895492907
895492908
895493474
895493475
895494028
895494029
895495641
895495642
895496296
895496297
895496446
895496447
895867141
895867142
895868099
895868100
895868256
895868257
895868316
895868317
895868350
895868351
895868411
895868412
895868430
895868431
895868452
895868453
895868787
895868788
895868993
895868994
895869368
895869369
896000354
896000355
896002193
896002194
896002754
896002755
896004008
896004009
896013210
896013211
896013233
896013234
896013362
896013363
896013457
896013459
896013556
896013557
896013684
896013685
896014080
896014081
896014730
896014731
896014744
896014745
896014796
896014797
896014918
896014919
896014968
896014969
896015121
896015122
896015206
896015207
896063580
896063581
896063786
896063787
896063902
896063903
896064354
896064355
896064573
896064574
896066129
896066130
896236109
896236110
896236222
896236223
896236296
896236297
896236311
896236312
896236620
896236621
896236737
896236738
896236890
896236891
896237415
896237416
896237488
896237489
896237673
896237674
896237691
896237692
896237839
896237840
896238140
896238141
896238468
896238469
896238635
896238636
896302862
896302863
896303237
896303238
896303463
896303464
896303717
896303718
896303819
896303820
896303832
896303833
896303864
896303865
896304046
896304047
896392799
896392800
896393499
896393500
896393607
896393608
896393847
896393848
896396638
896396639
896396967
896396968
896397481
896397482
896397935
896397936
896399228
896399229
896399702
896399704
896399830
896399831
896400193
896400194
896400882
896400883
896401695
896401696
896401913
896401914
896402877
896402878
896404572
896404573
896405292
896405293
896405777
896405778
896978914
896978915
897744341
897744342
897968263
897968264
898193480
898193481
898279137
898279138
899677125
899677126
899758122
899758123
899759971
899759972
899821908
899821909
899965194
899965354
899966996
899966997
900016606
900016607
900784957
900784959
900785312
900785313
